%YAML:1.0
---
calibration_time: "Fri Aug  4 16:42:14 2017"
image_width: 1600
image_height: 896
flags: 4
camera_matrix: !!opencv-matrix
   rows: 3
   cols: 3
   dt: d
   data: [ 1.4224937067648725e+03, 0., 800., 0., 1.6503270656728828e+03,
       448., 0., 0., 1. ]
distortion_coefficients: !!opencv-matrix
   rows: 1
   cols: 5
   dt: d
   data: [ -8.8245224056421045e-01, 2.8056712959463387e-01,
       -5.0193556943776967e-02, 2.9931898461605620e-02,
       -2.8980728242765125e-02 ]
avg_reprojection_error: 2.4459755265655318e+02
