%YAML:1.0
---
calibration_time: "Fri Aug  4 14:32:42 2017"
image_width: 1600
image_height: 896
flags: 0
camera_matrix: !!opencv-matrix
   rows: 3
   cols: 3
   dt: d
   data: [ 1.1610927445447646e+03, 0., 7.7650322447124813e+02, 0.,
       1.1635837157377855e+03, 4.4017978210093440e+02, 0., 0., 1. ]
distortion_coefficients: !!opencv-matrix
   rows: 1
   cols: 5
   dt: d
   data: [ 1.6129935210330107e-01, -5.0704766913366295e-01,
       -5.7196674429902325e-03, -3.5261249137800081e-03,
       5.9051962844703854e-01 ]
avg_reprojection_error: 9.6603832787923394e-01
