%YAML:1.0
---
calibration_time: "Fri Aug  4 11:22:36 2017"
image_width: 640
image_height: 480
flags: 0
camera_matrix: !!opencv-matrix
   rows: 3
   cols: 3
   dt: d
   data: [ 6.2658933105977735e+02, 0., 3.0498771204200330e+02, 0.,
       6.2730406209614864e+02, 2.2920227052633845e+02, 0., 0., 1. ]
distortion_coefficients: !!opencv-matrix
   rows: 1
   cols: 5
   dt: d
   data: [ 1.4351015231695885e-01, -3.9724210529219628e-01,
       -1.1835385741863080e-02, -5.6899778525626426e-03,
       8.5036167933370443e-01 ]
avg_reprojection_error: 3.4902653328597971e-01
