%YAML:1.0
---
calibration_time: "Fri Aug  4 14:25:10 2017"
image_width: 1280
image_height: 720
flags: 0
camera_matrix: !!opencv-matrix
   rows: 3
   cols: 3
   dt: d
   data: [ 9.2110794491966624e+02, 0., 6.3624772703233430e+02, 0.,
       9.2237246370433604e+02, 3.5726070820427094e+02, 0., 0., 1. ]
distortion_coefficients: !!opencv-matrix
   rows: 1
   cols: 5
   dt: d
   data: [ 2.0469264307346471e-01, -7.9562987674588059e-01,
       -6.1877300475002093e-03, 3.0640826573041079e-03,
       1.2071793068534631e+00 ]
avg_reprojection_error: 1.1054312421343602e+00
